mobileNum
9354773910
9421467274
9777777775
9812183188
9010136934
8888888888
9999999999
9538402444
7506720727
8600001311
9777777777
9687000830
9820663067
8896662415
9858585754
9811074101
9899999999
9807843035
9769118880
9856165848
7301144900
9858585558
9937281928
9932053226
9565656545
9940204112
9643227357
9880925091
8999999999
9252555555
7503086834
9833049728
9889989898
9888888888
0
7737403703
8005629573
9711780932
9928355388
9379596889
9438914371
9788888888
8977777777
7795050151
9965659555
9610577606
1111111111
7989898989
9820350528
8555555555
9999996565
9454814285
9565653263
9811888735
9585856565
9565653236
8799999999
9716161602
9852364832
9716443446
9881492400
9845548215
7022125445
9111111111
7777777777
8657969787
9900897655
9873151417
9460756866
508537508
9898777777
9460725831
9825152562
9039238899
9860722232
9860755655
8989899988
8050607356
9858989529
7899999999
9898498498
8824004881
9267222271
9777769197
9856421365
9711901289
9889898998
7908528928
9865216546
9871566992
9694386082
9178567847
8686941357
5555555555
7988888888
9464656565
9855555555
9909021608
9999999997
9781124499
9066343170
9590591632
9849224679
9568192116
9560192116
7838003301
9896746545
9895965565
9977859655
5444444444
9897777777
9153766331
9999856322
8585888888
9619025946
9696986555
9960439439
9994704704
9993514679
9440894418
8097842648
9643307742
9566169755
8427669400
9466767756
9887654776
8765663535
9501423953
7979809390
9878978978
9716379409
9876543221
9888898898
9819506443
8291949050
9821452121
9877777777
9895636528
9786546546
9899935883
9876676566
9245215452
9145454544
8978978968
7865433450
8685554659
9998848059
7685433240
7842711241
9949959791
9569999999
9044895220
9686690015
9618122333
9971920222
9777777889
9711988118
9777777887
977777779
9777777797
9752138160
9948474521
9949301248
9898989898
9988888888
9701625921
9926360626
9787878787
9873151412
9342791922
9888888885
9540456125
9953122324
2222222222
9895156841
8998649687
998
9986594561
9586888598
7010343836
8451801583
8588888888
8955487736
9703606360
9654873207
7353074074
4321456798
7201071515
9826012345
7077756554
8989898989
9322408061
9845485785
9814578547
9228473436
8467905559
9096043354
9926360265
9011969520
9895956526
7865433235
7865433249
9548545296
9871578229
9414542121
9999999995
9797777777
9799999999
9814255644
9856645132
9788787544
8467971391
9562369999
9864354222
9870198026
9634139921
9899010035
9999512364
9775675766
9320090986
9442663747
8750208447
9822222222
9789804240
9560471335
9779999999
9410870150
9564654564
7666779979
9999989898
9564645646
9800000000
7550007178
9895652626
9673275335
9825258309
8693841649
9790914598
8889969696
8989898988
8896444636
9823131231
8989897898
9895662632
9481355881
9898596565
9704249369
9048420738
7905040520
9953469089
988978655
8890278202
9831179812
9560471336
9700836464
8141005294
7011969520
9888888999
9811111111
9773435380
9586968695
9987565060
9879758309
9271444142
8806794939
9823387231
9250112465
9954280396
9026153722
9888888887
8467905558
9029972967
9940663344
9818835055
9874521111
9858846456
9896430440
9846567777
9895656526
8859628556
9820457118
9898595656
9895965262
9920090232
9830387805
9895956562
9177777777
9898898989
9450543530
8998899898
7065125326
1477878878
9999975112
9875426523
9934011110
9818073275
9437170948
9953738378
9895652623
9820953650
8000698800
9560147336
9988554411
9999492579
9924083542
9773524418
9768643861
8369052083
9841866548
9941298154
8919076338
8233823387
9446045127
7276440455
7789892238
9862626262
9709699991
9540036481
9887845222
9779901179
4444444444
9599999999
9879789797
9778876546
9818434890
9687697856
9878949856
9899773192
9879645645
9534826725
9924823483
9928881586
9444444444
9788748452
8585010179
9954564564
9565655656
9464605852
8979367600
6666666666
9932601384
9888631831
9928882585
9785337070
9038681381
2424244444
9871523656
9565656565
9755443233
9811305957
9447024365
8798798798
9688888888
9719602499
9960999076
9414065121
9787777777
9009600759
9929616355
7838224799
9888599433
9825375260
7836035454
7760576699
9848196335
9860316139
9810198101
9654928982
7678554349
9970051840
2333333333
8956238448
8978978978
9924541435
9403488995
9999112241
9643852101
9810245785
9887856987
9214688970
9898989888
9123654790
8408028309
9647375798
9999999996
9123654789
9787888888
9115960400
7054180636
7210056212
9871082415
9879100564
7897897896
9885936380
9028273750
9776196196
8189661307
9845615458
8797897897
8998989898
8965890352
9920484164
9546011622
7009491568
9999916034
8882750888
9665573843
9999999991
9300508458
8826380503
8791667617
9953932027
9780009119
9742914295
9855145145
7898989898
9830305981
9820151122
9898999999
9898999989
9000000000
9999999988
9876543210
7738729371
8809631909
9787544252
9599964447
9752585144
9270878678
9555549229
9711323078
9873377595
9419261703
9665620629
7889286477
9865656532
9810542105
9874633334
9977334186
7897469456
8879566349
9894507800
7897987789
9969533313
8700207801
9865464646
9022191959
9555555555
9874444444
9855626622
9589855899
9820043811
9322503722
9574777778
9833152050
9156565856
8628801301
8011003660
9717567744
9849774500
9643517394
9540043260
9915473678
9992014196
9841094106
9958275705
9874563210
9858888888
9865655323
9666666666
9818949849
9867752808
3333333333
9847065883
9847065223
9717231595
9717945221
9787654654
9414050592
9845098450
7045562344
9847065225
9769660098
9910770855
9910770822
9417740407
8471885209
9787987465
9707419332
9707413932
8386000213
9893717000
9856132646
7979799787
9873672651
9818424184
9888474743
9709517351
9936256252
9711476040
9625759365
9879848655
9472880115
9892172634
9968393709
9977311333
9041876534
9820111122
9797979797
9829848770
9243425629
8409494185
9582456788
9789746545
9654285856
9989898989
8806922971
9823154313
8691986108
8686644791
9098128340
9717652148
9036583489
8600097371
7989879797
9755595807
9930425211
9891566894
8810144800
7783748895
9892738748
9891738748
8792346561
9654446546
9742069999
7299926176
9955645645
9448379953
5777777777
8797988797
9887984222
9821508306
9858584484
9492832810
9494858484
8588821886
9850301811
8095977032
9486037432
987876557
8588821885
8750105848
9945813511
9537623117
9266454545
9842155541
9808112326
9856465454
8879729111
8767944492
9879879797
8998998898
9892656266
9910200855
8853677536
9830081850
9897904673
7987979797
8766666666
9811854849
9013324259
9850901701
9980834758
9603396333
9873445033
9897001101
9999998899
9999560305
9560019919
9560821802
9716453534
7977879797
898921
8989821011
8554039004
9837625028
9472837613
7289941985
9860996621
5888888888
9878452222
9884975631
9573695595
8412820999
9910386599
8989897000
9049994604
8084374095
9619490021
9586944558
9650977766
7581077811
9207311616
9797779979
8697568020
9245602490
9808580694
9888888555
9889766766
9711633816
9821656776
9821434567
9876564556
9416277864
9876767654
9871856478
9246532269
9964355543
9575720899
7838900230
9041206128
8057115750
9999833224
7541983953
8898615576
9847777777
7977789798
9838886000
8009425673
9566643330
9833280846
6867858586
9852222222
9540301311
8744568474
9999956565
9958688095
9818453006
8380555678
9654166346
8791813461
9997688973
9913701021
9845913472
9430339445
9775454564
7987897897
8655232737
9987948454
1234567890
9639639633
9811049834
8800993056
9810252455
9310914100
8881579081
9769990393
9769990303
8765544566
8595409100
9533115734
7709591155
9819748448
9176000992
8175596654
8800
9436553328
6977777777
9768456077
9523593508
9818005129
7737407407
7045320289
9474016010
9911213832
9812887454
7838098260
9812312312
9878797897
9599332839
9870007897
9833333333
9718022213
9821182455
7896345464
9998111179
9867588872
7768810808
8770756500
8988989899
9774444444
9845111785
9689898988
9874455555
9920244280
9130028316
9582197268
9845913471
8959469404
9451882821
9594369852
7053643786
9856456454
8379880350
837988035
9311816099
8895618604
8588857413
7021965674
9435217487
9440353708
9341330095
8559990702
9594943685
7535002277
9740189162
8998899889
8950448550
9423471294
9911518343
9526564616
964545454
9871374034
9922426457
9890760922
8015720530
9879879987
7899798797
9600142197
9888380010
9810631339
9460720444
8319687986
9852222220
9971930616
9892852474
9898855365
9871071028
8984571126
8979878978
9784654654
9000490013
9717999475
9911029090
9889899898
9821174308
8980118222
9412028880
9620589444
9989993705
9899710249
9986161961
9821656095
8602957089
9821656096
9821656098
9821656097
8980212604
7808907498
9866779936
9411151333
8971614034
8240029326
9205265370
9828344345
8989805587
9565989656
7979797999
8750447851
9999996583
9755555555
9892596311
9073957051
9999238013
9819848770
9493568906
9956371222
9886386060
9898989889
7567168106
9878978979
9886383009
8445961089
9900388040
9881981818
7829323357
9888888881
9600142198
9888538800
9899510424
9884664319
9910566000
9545645614
98841
9797977979
9828833814
9600143109
9920934578
9123456789
9810283759
9903904859
9455555555
9650246669
9865386565
9217700024
9975601610
8008003428
9857477777
9718610866
8699959839
9650540909
9884221233
9884296844
9884296843
9914551000
9971712688
9978456321
9899772192
9795475654
6444444444
9866090008
7498033366
9856585223
8603329602
7097382932
9898971122
9016970645
7977885090
9267000021
9818005121
9951110935
7878787872
9890433436
9545454545
9866231118
8758718234
9564444444
8096860864
9420072297
9861019742
9674125181
9854714444
9238315427
8826461506
9821333031
9460789444
7531963607
4545454545
7509200021
9718198456
9999236328
8866683499
9874563120
9431074559
9414222199
8978888878
9811535377
9290412345
7259982228
9685555555
9452154152
9451545215
2222222214
100000000
9821182411
9318740046
9564444564
7597086844
7897897897
8860431029
9155535096
9856126516
904842073
9999999911
9885522222
9878609840
9210945849
9930039945
9126122214
9878060984
8469435989
9333333333
9412028888
9825652528
8888898226
9833126292
9717937071
9857747777
9654353390
8978979878
9837777777
9855464213
9109184674
8800696826
9595959595
7987873078
9061325202
7206017113
9845389653
9844411141
9895653623
9168354555
9818274079
9772211220
9892289528
9100000000
9304802960
9774755450
9212118587
8788229003
9219725077
9897070509
9375562345
9782730878
9716920720
7020212092
9430339450
9430339441
8008883713
9175478895
9310582787
1211111111
9740022663
8285874310
8588858741
9544444444
9818700597
9311885636
8445961085
9831098310
9035804609
7503067203
7838893525
9996710865
9873111111
9852220022
7899802136
9874563222
9999995515
9540017303
7887977979
9785745464
8765678976
9326545435
9560193111
8149222922
7061206504
9819733022
9611525958
9869269663
8510020800
9977652700
9849458686
9777528585
9897987987
5812089575
8512089575
7977652072
7977982543
9900243291
8604216817
9876565654
9917160621
9837089324
9895656523
9715454545
9421117032
9170632804
8454045412
7878787878
8439726501
7829323358
8346852115
8341671212
8376541541
87
8737340254
8351
9835424154
9835
9835241541
92
9854237777
9738544217
9815098150
8103806917
9467866039
9898988888
9910575681
9829160808
9643800012
1452369698
9889956056
8170034544
9034378776
7894564594
97150754
8865553602
7889789789
9810342530
9098781955
5666666666
3111111111
9827313272
9611085958
9899573491
9881145468
9773393086
9999940357
7869962899
9837
9930164228
7760633265
9323545197
7417730623
9999995464
9996444646
9463610007
9891434874
9911904960
9897471864
9896603114
9886190900
9885744878
9417281218
9865985125
7897987897
9979933912
8889696465
7595963339
8787987979
8218786784
9577777777
9867400555
8983122709
9145454545
9718859869
6999999999
8378915216
9650000000
9718859845
7595963338
7766666666
9878777777
9898936528
9898524552
8095266000
9594969557
8552222222
9859565625
9654166345
7525452174
996297623
9962976238
9731744996
8096277277
9936400658
9136267663
9826639192
9777799999
9654665490
9624094561
9737566977
9958250009
8762638192
7235002162
7045840240
8130298878
9866525300
9810555555
9811101029
9650095601
9819179050
9833912599
9779797997
9728828888
98213654
9821365456
9821365414
9
9999851872
9219860081
8080636507
8797989498
3633333333
9826482303
8750447415
5420447547
9856324856
9098114028
9855222222
9998888888
9890758028
8866666666
9889889899
8989889899
9869568282
9898988989
9986177589
9837055961
9818999999
9789798798
7417001299
9998345345
7799919712
9879879879
9678975695
9856956864
9214526628
9818843002
9030911609
9999402562
9863634131
9782151551
7896968464
9177684321
9999456456
8607721382
7507821339
9873141512
9999999994
9807289718
9899765435
9222222222
9437054713
7827291009
9865653232
9411565656
7490003416
9819498498
9889546484
9599193574
7840029269
9000920780
9871365893
4545445464
9696999384
9611811070
9840953799
9985201731
9818453306
9989010905
9643697652
7490003612
8308231582
7957987879
1234567899
9960995799
9998545200
9733257446
8294309555
9560473333
7698234687
9857447777
9043090837
9875424552
9555555544
9829124360
9818498498
9860462665
9971161112
8130448806
9898229898
9552657618
9658447388
9586958585
9654133346
9811258675
9565821654
9838370933
9555665656
9778787878
7503261662
7887787878
9875555555
7778001499
8447986567
9837099999
9582216281
9818471705
9123456780
8150786915
9841166526
8797987987
9164087136
8712884099
9050879988
9811133679
7200106596
7200106576
9738712350
8867606504
9849098490
8867862512
8233823385
8291265210
9456093768
121242190
9856345278
8097293358
9897471863
8790932362
9301403311
8767678877
9854712563
9851564161
9999110000
9923158321
9974808800
9560471366
9876543211
9797979979
9838096456
9875455555
9886777097
9999072602
9873488994
9811101255
9718464558
8892732007
9988857412
9898982236
9470040984
8149790537
9856562322
2111111111
9861265421
9955697424
9899635214
9654464646
777777777
9033557720
9562147899
7897897797
9912714909
9797979779
9619191669
9874224333
8585858585
9874224332
9853621695
9874555445
9772863881
9773298728
9500143138
9941654544
9754545645
986
9898855454
7092018160
8238924236
9919321218
8053222894
9959656626
9811849941
9756477762
9898986151
9837200178
8885555555
9822135130
9958737333
8739909977
9999988888
9452155627
9663977993
9654654654
9846546544
9558658422
9654654444
9718054668
9888888884
8009280220
9821562412
9816077601
9864010460
7977897567
9842154144
9314631441
9332221110
7875565635
9955058475
9810842153
9876541111
-4
9564646546
9765895623
9832098320
9945741441
9864135415
9858262893
9325357101
7411334243
9864641563
9892405184
8527325306
9820596
9699980841
9173020546
7600013092
9512400160
8269985636
9568895698
9727916287
8447792837
9092353403
9980075366
8017723848
9690599280
9417723533
8447427370
9644557690
9422920109
9717433360
9560854800
8009000000
8009000010
93691349
9369134989
7810810172
9867442619
9849188215
9741532883
9900112233
9537896898
9413023069
8766548904
9173532606
8695598862
1212121221
8569986532
9996666640
9934793479
9029200319
8080503898
8757647674
9177227122
7356576547
7845634342
9852884848
9790995521
9855565665
9413821127
9464646464
8755600909
8600038437
7206663988
7718879367
7888888888
9653535353
8454041651
9879714095
9807553831
9991199878
9967719403
9990976076
9920104418
7908258527
9716975795
9440347128
9717564774
8182011000
9891787479
7897897987
9875465456
9924467844
9988989898
9898784565
9759593587
8787878787
9167022009
9503783505
8008999009
8800919171
9999949998
97987778
9990868357
9167368259
7860736455
9897978086
8962658850
9876666666
9959995994
9562699999
9889898988
9769377010
9924154899
9876554456
7738655599
9888999999
9594969554
9889515911
9898898898
7507503666
9999999888
9898222985
9811102453
8777777777
9642421311
8939750477
8281082975
9920578955
7006593933
8425870925
9540557905
8979255500
9816668366
9324291828
9909090021
9878979879
9062832561
9652424245
8989899898
8977987987
9560698275
9871154360
9988222222
8989652616
9994685765
9004815995
7276991495
9868555637
8853433432
9992348878
9896852828
8398817681
8000223347
8987419120
9620827799
7787821563
9960584489
9224401602
8460011008
9878787676
8551938995
9711161523
9320055001
9638598030
9865465161
9886468161
9778887875
7742264867
9953555880
7351815150
9022323936
7969708076
7000970963
9991479155
9911094383
9826262626
9819489489
8349801111
7498984651
9585859585
9865626255
7015252970
9878789779
9654432847
8630944940
9717074461
9899888888
9999995555
9898365852
9397602111
9754545454
9888888846
9421524257
9845124535
9800566333
9895966262
8826325440
7353532525
9734626641
9542478764
7478797996
7986867575
8646476464
9841515106
9560363303
9899664013
9501300675
9818949848
9741661394
8860412526
7838580634
8057750575
9972112391
8652279544
7821221212
9562314788
9844143979
9996432729
9032491852
9959049606
9867898778
8057115500
9908243711
9847098778
9416583358
9571150156
9892980344
8789779401
9839336965
6481364813
9858585858
9967077708
9820178300
9414903952
9821621409
9876036888
9874898566
9466464854
9029377301
9582030500
9512121515
7795197646
7355815211
9789664564
9714254040
9860796709
8879566618
9900804086
9255061083
8142454000
8989787867
9833737098
9769102184
9004337275
9872167000
9820178000
8149859618
9929279929
9300028909
9940292440
9560432057
9718854720
9820098200
9871565211
8979432123
9822112223
9716059731
7091621665
9866507535
9888013889
8237314058
8129199104
9540610567
9946617857
9303935073
9789913587
9874920494
9898998989
8894895013
9896565323
9898899898
8527699969
8129199103
9014569878
9413381100
9866602456
9875646546
7977138021
9560471369
9999176627
9810015548
9703596015
8790076572
9403730779
7209187166
8275590901
9979121502
9035235261
9878455222
9893440777
8108095088
9099059983
9212067179
9833502213
9654845556
9814521455
9544454644
7444444444
9564645446
9565255245
9526562626
8469978473
7894645645
9977777777
7878979797
9949898989
9542011111
9788785222
9886969696
9987679769
9972725231
9314984142
5465321321
9526444444
9871710146
9360001932
7011922993
9545124545
8800445369
9121345698
9555356294
7350010742
9999000987
8800358484
9947070243
9811613206
7020109463
9560848184
8130321423
9811910492
8017959016
9818667898
9212100000
9910555555
9582166472
9767332644
8588973732
9643807012
9835008282
9768836016
9004068837
9312373468
9887988798
8826843737
9887768798
9888074452
8954881110
9885575755
9811120388
9560400590
8652826232
9415200000
7022401290
9845555556
9876555456
9103047478
8287044447
9350303167
7904013700
9564654644
9501939334
9999802562
9599672468
9099990063
7709699842
7474178789
9826566665
7506929295
8789789789
7678105766
4555566556
9712945666
9962587206
9650095008
9600000000
7205217712
8699965698
7078362346
9762041506
9938214440
9999509237
9500543702
9876567876
9847065889
9847098776
9873391891
9892703127
9718950900
7011174958
9791006515
9690840000
9814012345
9815400374
7011224554
9930430362
8291795977
9639506267
8235228974
9887681383
9820500041
8800970267
9008152920
9999711290
9033333333
3666666666
9688101234
5555555556
9949072583
7987797979
9200000000
9560583168
9565215744
9787485445
9552554565
7827272570
7028096038
7878787879
9865456896
8626054456
9427383033
9680104013
9808765432
9988776655
9876890876
9416071185
9781455555
8108332189
9650552507
9844454555
9746517051
9873654565
9029603916
98338836
7066454465
9833883615
9699775293
9867575767
9872762855
8558888806
9895983325
9820603160
9836945013
9549999999
8527111327
1123454567
8791560722
9839011887
9560705306
9964944399
9771174808
7827243729
9810192121
8130588256
7827454545
9768976875
9029603917
9865353235
7030446752
9990215466
9927116213
9850311105
9819440705
9855884455
9899999998
9534656463
9926032626
9764646464
9074196745
9503708050
9899008558
7045956216
9818003625
7574565432
9871568975
9875566998
9891644325
7825656589
8486263675
7825898956
9701666832
7405550282
9418177532
9503708058
9421319200
9422391230
9920555105
7869424422
9540758988
9810349544
8178026547
9898989989
9958888737
9611111111
97
1212121212
9941355200
7055217712
9690008091
9769769767
9896563565
9810544444
9856985698
9899998899
9823443218
9999856321
8123966426
9925351802
9899654321
9825487211
9977889988
8671235678
9897936025
7559874535
8898818168
9534155444
9965326985
9840153420
9850982280
9822433321
9110192939
9716774601
9550187945
7879414010
7208209466
95465
9546556565
9833256741
9216411855
9216511855
8427988774
9637422210
9962187206
9326034033
9001246428
9856532323
9642421313
8605022907
7348444736
9812610439
8985654514
9881420426
9888888882
9896697694
9887755558
9810817065
7073290450
8805001699
9466544030
9958887364
9427493838
9958887374
9899481440
9901700233
9899361973
8954887108
9022977166
9404485499
9503955777
9910041878
9987415947
8146618899
8809154585
9215666666
9665691120
8003709347
9711663343
3232222222
8820774536
9876542112
9555555552
9444479392
9004677884
9870420119
9835865616
9958582140
8797897987
9873151415
7504220303
8905820184
9779595571
9877757575
8795641654
9874651616
9988778899
9987610447
9999190391
8142772832
9999445599
8142770832
9897984542
9814561616
7877016704
7093158332
9836760003
8878787878
9879879877
9733333333
9411225566
9718852311
8008688886
9802222222
9410000000
8373903099
8898168177
9175266544
9992168818
9811349383
9167293924
7979797979
9956115672
9956115673
9419899999
9999794151
9999945546
9911017575
8000557903
9896565263
9908224554
9313332384
8951867320
8971867420
9235652415
9898989899
8895501823
9028184080
8275200717
9799021509
8989824242
9930771224
9459334474
7021452798
9842125655
7738001525
9999894151
9958928666
9451215122
9464848548
7359141112
9999999
9910871704
9898981234
9822646261
9654782544
9414268711
9864212465
9910871705
9869785864
9842198165
8979879879
9837980888
8879284450
8978978979
9599964440
9768653457
9879849849
9958877272
8282852414
9856285475
3232323232
8826461569
9898461651
8667517465
9654923124
9899963524
9416153724
7988127125
9821234185
9878974445
8130533736
9850191416
9693823929
8798798787
111111111
9999994444
9028184081
9578976986
9598563285
9119088571
8898989898
9674147174
9650596628
9535501282
9789756465
9945152444
9881321
98813215
9881321544
9920463277
9871062344
7675645345
8107595301
9888888889
7588025111
987777777
9877777775
9826592475
9654302465
9873211011
9702443442
887969553
9029027025
8855971314
8826615063
9873011171
9778714777
9769098724
9818651245
9560221351
9574462514
9888888855
9876048989
9818048996
8375047232
9992100851
9821182415
9540282203
9869389786
8551021709
9972529169
9303071777
9972516989
9810043003
9971044447
9410089753
9871296280
9451540309
97477554
9911299929
8802331603
9966680032
9213717915
9422406902
9710334007
9909471800
9355034267
9877987897
7878895623
9898981233
8568835000
9416153856
4555555555
7245454545
8951867420
9898656523
8818980008
9898998988
9987384501
9911188868
9810840985
9873016638
7900000000
9820320613
9167067014
9998889990
9452615211
9897648000
9823320100
8798798797
9213222099
9890098900
9717172727
9446113292
9415887564
9890098901
8107246872
9962758363
9787979879
9818455142
9815421265
9879889788
8310731966
8558888888
9735197793
8295011606
9953849707
9849268323
8485922045
8208493691
9392413783
8885555588
9410373844
9873169606
8792443173
9485658565
8988888888
9029615372
9821359716
9014692928
7255555555
8888873201
7252058208
9987765919
9212401011
7290051187
9820522442
9985632569
7827455625
9599309898
9649055065
9825652562
9868504930
7827456952
9033569791
9920920001
7275226550
9022688228
9546464664
7982368396
9078342805
9620178678
9856565656
9999975529
8789797979
9925155387
9898795828
9999998766
7042989397
7906517793
9654782547
9654879652
7897979797
9999686868
9911785643
9999585857
8986145415
7011174982
8542584848
8820823247
9899902144
8856366536
8527714184
9887988787
9900959876
9213795959
9211420840
9879898123
9811732870
7795058015
9900009909
9587002555
9910122222
7004903582
9819492120
8988989898
7838827782
9849038227
8309295783
9699999999
9493123007
9908523218
8974929479
9867221155
9840744310
9565858225
7291919008
9999923632
7838265655
8286605893
8979879878
9011652564
7355300268
9924839955
8010253232
9215372666
7502011442
9900876123
9658769255
9999141169
9438563678
9876180797
9849521110
7894564564
9689711968
9967765666
8447723885
9895475456
8789789798
9899372020
9898232321
8899554477
9198807280
9815256356
7277476662
9899814433
9902919953
9313307120
9892574004
9302828909
9407816404
9421815959
9899542073
8691829621
9899708975
9582614760
8588012776
9909989887
8792346562
9157237701
8594675210
9980075223
9422214635
9039056367
9845645888
9176115946
9654879654
9426315526
9461130323
9086009886
8285526682
9854777777
9865353223
9985747541
8998898998
8898989989
9922095986
9999033232
9777987987
9876565645
9015984578
901598
9015980150
7009885428
7298720392
9873934650
9109181444
9039478503
9980076557
8080528110
9929999366
8860867275
9968231670
9866546464
7066531528
9234568791
9811292706
9889898989
9861305331
9871387966
9953449828
7252058207
9740191553
8958522469
7208515080
9931632276
9874561233
7857843462
9856015254
9552145524
9977854122
9599690106
8889908844
9416585259
9880220599
9599361500
9560073133
9930002569
9910263664
917988879
8805634249
9058458090
9589595895
9898981122
9867239663
9702712111
9277788829
9999019256
9876464161
9874766666
9899972578
8979779878
9704147336
999999999
9818102375
9902015128
8763451216
9821048140
7899879879
9564568434
8884999125
9920996379
9898977777
9888978979
9857486525
9953394166
7878979789
9007065885
9920036707
9898670055
8447119125
9819272725
9937052577
8860088311
9977289416
9852525555
9990109350
9820112055
9442521601
9856666666
9869348631
9455570778
9828530323
9898956114
9827213969
9989843331
9810607448
9872170879
9909966030
9551624149
9872170878
9911168847
9777766666
9810217415
4565686566
9472965789
7018805367
8951751455
9888899898
9818667267
9718728388
9895461564
9899110253
9899110263
9899724433
9415609863
9874064434
8447830697
9565446546
9949358894
9977878887
9955869958
8510866790
9990236480
9547158981
9935863099
8130657999
9654531249
9596955714
7829007999
9890092436
9819166169
8150949444
9594007686
9799941913
9317588110
9022690002
9833312799
9540493222
9833961231
8857870986
9773016000
8452089992
9429243240
9711987307
3012365478
9999868404
8084858179
9881032228
7989797999
9958375909
9902155377
9898982223
9854548557
9554525245
8798798799
9888989889
9711217238
9869999999
9879798988
9813798988
9811896066
9848810035
8754678655
7666666666
9470131034
7039866738
2000000000
8178795811
9043002721
9789798797
9825677909
9823364879
8124876132
8930307243
7666926414
9884412128
9830008599
9727687146
9047557694
9323434506
9952750777
9560980367
9939421497
9810283859
9897206956
8374502636
8149677348
7504004281
7209861728
9504991259
9269662431
9273025845
9675342458
9675342454
9898989979
9888088176
9444729292
5252425262
8757571512
9717203286
918700000
9814209090
9855664499
9910010743
9098789000
9417313701
9876543245
9872451314
7550057760
7579096840
8755571512
8895827835
7809710104
9650205030
7838800454
9940481106
9456006451
9729087000
9493989264
9774157928
9904074769
9911523424
9454717427
8652422460
7987777979
9777777151
9873999651
9940625847
9727173732
9833472316
8847557517
9557522932
8005446500
9727173373
7013824084
9850775783
9850669793
7073627418
8424998085
9010641091
9818494984
9341244971
9898987799
9845784554
9475312327
9833046856
9818464846
9665656526
7787878787
9619747250
7289941986
9579023073
1234567893
1213456987
9820633291
9923543282
9998046398
8670507778
9865764785
9910505614
8088026321
9930656770
7415015535
8291424303
9898610715
9893474727
9251212121
3234343233
8586803419
7845855689
9967067680
9925440376
7011196995
9940539558
9908143244
8837839329
9899898898
9544950666
7795051517
9256654644
9821965569
7837271565
9632882854
988888888
9722297222
9869157271
9654593792
9769487768
9897979879
9917167386
9971617386
7760067005
7760067004
9447981525
8521478523
9999988889
9810220506
9820214455
9431211726
9845077915
9212045650
9820115524
9818498489
9892923693
9888710001
9821741181
9830170921
9810283276
9428277124
9898899999
9897089917
8882176772
9021614030
9015845784
9899418090
9888838888
9888397779
9416859633
9556856855
9910128017
8182803805
9873333333
8057555750
9015505746
9876544321
9821863341
9727173737
9810425868
9820071073
8658458565
9560471333
9600164648
9414873668
9717746583
9797977777
9460494228
8485992204
8827957539
9999966081
9857474777
9999760197
9950280258
9007176549
9482548987
9412848672
9940673357
9818558220
9788787878
9015354521
9740408113
8271247951
9891588603
9560367059
9849494668
9948828268
9046523552
9849494669
9722066802
8147752744
9810259821
9899361246
9650066190
8010855333
9933970387
9873151214
8797898767
8750475111
9565858588
9810617400
9894591616
9564545646
9650031090
9874563322
9011653
9898787878
7879897979
9889898898
9899898989
9582701106
926722227
9899229118
9887077979
9193223048
9898989000
9999999998
9960628090
8800775760
8527171486
8376833626
9322136488
8527566661
8527451111
9879777777
9870240351
9930985589
9874555555
9898999998
9871118420
9899765460
7053289626
9962608090
9871299676
9717756296
7775900494
8283091968
9717712371
9899705648
9797978979
9677777777
9328715415
9996432728
9546011111
9899889998
9888888822
966200649
8123461178
9582203003
9125374771
9911751929
9768351784
9985243221
9811101256
8299332177
9428901793
9958056275
9887879987
9916797352
7415468659
8860000622
9742799825
9873121514
9642347395
9321313213
9986385445
9564545544
9892746628
9013333336
8888831213
9619393793
8802780010
8291485915
9877646535
8092240036
9540125710
9868547622
9910994986
9958327369
9540054481
9004658041
8329276437
8884112011
9433527263
9895618415
9784454545
9891612718
9062424134
9833024029
9827133222
8460643164
8238095854
9955866588
8146609197
9618264200
9780627128
9811389594
9650363805
9880112156
9845555555
9811756010
9896157455
9418782717
8627040626
9873667971
9871755845
8454888719
9493531853
9856895666
9999990619
9992116068
9982197418
8527496373
9967602371
9034167377
7829391297
9820308674
7829391291
9812021548
9812021552
9821182111
9427461008
9028724699
9875896589
9666605333
9819881002
9990667174
9994513252
9837066938
9889988989
9810104124
9899737859
9052222799
9852665628
9811101542
9919215959
9212798461
8959008007
9930098928
9565655666
9582235081
9741070564
2122222222
9584786172
982957906
8776564445
9915335588
9422114635
9001848246
9154545888
9812323453
9814676791
9386841649
9711582154
8882533272
9602660306
7878888888
8287179170
7987382840
9003256398
7878777777
9878784522
9878998888
9818433711
9873464132
9912399123
3333333329
9982917444
8763520377
9818090125
7042110482
9891040480
8156089554
8743075280
9865363535
8791537345
7506792839
9141536920
9835777777
9872007942
8420357591
8007505157
9874587854
9812584574
1232424241
9873816560
9900776650
9573816560
4657676877
8604110770
8076003453
8743873009
7877777777
9916206238
7317006600
9876511000
9595066078
9865353232
2555555555
9035091160
9810666387
9075022907
9888256425
7837171787
7898789789
9587444007
9900000000
7837171784
9833831136
8017766371
9555746251
1111111107
9871648468
9828021573
7979999999
7896456896
9619393792
8080444339
9867590958
9718271231
8978978977
9920444339
9096818385
9740509899
9405014001
7778049642
7795051515
9868081876
9909234035
9958999003
7840006969
9594031144
8735821632
9654186366
9779824521
7972179695
9977710646
8872121555
9421953435
8585956160
9116137218
9833554455
8566698798
7689019916
9099947978
9899161271
9450626626
9891009943
9983512022
9901292021
9711397989
9012039390
1011111111
9873472666
9871101186
9999671612
9971880874
8562589965
9959191363
9846546541
9011110231
9554885253
4444444443
-2
9141536
9582203004
9700000000
9624617078
8884906916
9223487088
7506401216
9920220038
9717108556
9038005034
8791596964
7798291785
5656565656
9864165165
9896568653
9774550477
9953199171
8310366102
9823028773
7358192724
9898988566
8010583160
9716276433
9876543219
9829546630
7742430527
9958632001
9879178360
9958030582
9419201377
9782898689
9983308233
7528967119
8650002836
7742420526
9777555442
9087543780
9958994141
9999764921
9012312343
9742023999
8930102030
7895043410
9773587412
7874341971
9035414664
9873667618
9671779199
8130809113
9587545268
9826298524
9971345150
9859621545
981110245
9811102452
9828627802
7387090681
9820660107
9945010706
7567876042
9848484979
9622168981
8930000555
9213321213
9874745051
9411777062
9594387976
9924792491
9924792492
992479249
9924792496
8368399890
9416520611
9887845522
9898989800
9935960209
9821532463
7276306937
9272829745
8778798789
9999999526
7859885895
9650426317
9625151511
9619813261
9889999999
9787845522
9596999999
9552553661
7505328962
9814698010
8693841648
9971122110
9560147859
9007442394
9711996600
7795051514
8981946694
9810442233
8922881101
8798989898
9930221221
7897645654
8527998938
9714033344
9717119505
9833142243
9322903145
7903650570
7845961245
9788979879
9837072036
9663371179
7889798798
9920770345
9893018083
8791537734
4636574746
8787897897
9812124546
9658956847
8828335511
9699455413
7209114241
8294989908
9999990000
9008090430
990244362
8142043566
9371086051
7856885895
8860627367
9890288434
7897864564
9752845156
7987965464
897897645
9752184572
9999999987
9721124359
9721142359
9769578456
8427006625
9849191422
9856562626
9821111111
8923354895
9591320985
8879992327
9820447954
9811981191
9700413859
9560352985
9876554349
9916443992
9309309377
9971030288
9856201255
9034567233
9034567234
9900087650
9787897197
8447685557
9878888888
9569458045
9971167551
8878544370
7042522987
9450222382
8087029859
9663288388
8000000000
9899765983
9999077589
9873434732
8090507334
9408636604
8090580733
9825454562
9740506499
8800756600
9826088249
8802926530
9926599399
8055405841
9811073713
9158411113
8085953607
7043669488
9900990099
9463640466
9908396239
9958569526
9687976006
9582999987
9812000045
9859652626
8930004443
1411111111
22222222
9665691130
9715066679
9623461535
962346153
9873141414
8484848484
8010638882
9540707747
9871335349
9819978556
9944301475
8879061589
8505969190
9016338123
7897464564
9650237944
8686745201
9018215212
9596505212
8919869736
9898989891
3423873437
9823145610
8143603990
8054631371
8054631307
8567865786
9726755725
9920049958
9896321451
9552559531
1555552222
9811867985
8765313012
9453219219
9958353240
9787877878
9913475619
9411052526
9788777777
9999858242
8375089862
7838354644
9818257915
9924886654
9654646546
8527209988
9448487237
8791288493
9521754562
9865777777
9812398123
8408002222
9158399903
9899623541
8989989898
9899635241
9867720529
7021548425
9561064419
9858588885
9829422177
98294221
9099978770
9856235695
9820309612
8756874545
9833370818
7016877837
9547233453
9876545678
9820000000
8983062302
8800490038
9560145999
9871663804
9598598989
9663495498
9831397542
9538781100
9899999977
9419105212
8141700562
8865258888
8522224562
8655552444
9654899889
8087858977
9871569266
9921644784
9953242096
9098792765
9756329423
9412286559
8978679078
9852111455
9885484230
8882797530
9855555556
9816098160
9978619576
9453056565
9745454564
9555826604
8898470574
7665749295
9268624689
9676989797
8882548519
9999999989
9919465878
9020699493
9953228449
9998988999
9565851444
9335545445
9856533323
9556656565
9953799843
9825060804
9028412988
9810126121
9422516244
9988815706
9911992708
8447111292
8076041036
9728353622
9646464654
9564564463
9988447755
9986139118
9895622626
9899188334
9449854464
7827323003
9107211918
9814100393
9977534554
9582226136
9654649868
9176177663
9871688978
9412586559
9867497551
9248365365
9565859859
8141700561
8093490170
9814485206
9852410463
8055440303
9910699706
9510493579
7885855885
7558458567
9041693612
7795762659
7795761659
9818539655
9464281411
9167676424
9900987127
9900890234
7765678887
9632322180
9879634034
9825167436
9891281837
9811946749
9910896102
8754477515
9980093383
7696782060
9624393100
9999180547
9702954369
9999999966
9810258205
9839764444
9894646594
9022191810
9922991838
9145555555
7409412377
9780406271
9819245103
9898359985
9898359922
9860635552
9999699509
9278140564
9898989821
9876454677
9555184489
9777777774
9090909090
9780389780
7018655233
8861002790
7838378783
9936248572
9972944755
7706865452
7977494901
9597674557
9923585181
9643396626
7045463238
9546011625
9582200972
7878798789
9785715815
9878787878
9822321303
9769742189
9820112299
9899823838
9888257549
9897213214
9889107904
9780359780
9925121522
9650646633
8879802023
9874563121
9865656565
1123433333
9953938276
9990862796
7087098042
9025843625
9891298921
7655678887
9825555212
9371066666
7010466132
8907460621
890746062
9887789876
8290859485
9831424344
9848436990
9749076838
9568585858
9739901313
2222222221
9544444464
6566666666
9895623232
7509005056
8554992044
8802313546
9215600728
9898989999
9826265695
9818948949
9892452990
9826262362
9861419135
7737130287
9999222555
9873185237
1656555555
9454854785
9391826232
9564545454
9504556125
9529121208
9895656236
9895656562
99
9858598585
8424855375
7756805974
9980003881
8120865501
9466215959
8505955171
7005503003
9874678776
9953961547
9633455505
9855915006
9565465465
9560471111
9617630161
9122337721
8097538499
9458493894
9831435543
8583083535
9954281720
9620642020
9414978818
8082647781
9029072021
9167543822
9999999945
9825263322
9831336415
7015474911
7722020296
9855522222
9427830868
7780253721
7015141078
9818005127
9879878974
9031999630
9545425152
8910197417
9595959445
9457215959
9415348639
9814326220
8108662530
8800283805
9500481581
8003484151
7702410245
9831445844
9560713666
7210710196
9996172755
7588094804
9039897911
7855022221
9811104351
9811104354
9811124514
9212850228
8505958151
7042258896
9898989882
9883603151
7737643551
9352206414
9820063996
9839728070
7411283717
9216777990
9861616314
9905666888
7018785559
880
9818046324
9568588888
9876549876
7513655856
956464646
9787888484
8527421523
8756570444
9478344525
9462545525
939182623
9654545454
9891248752
9711099557
9654818189
7982785009
9857444444
9874791208
8010102021
9920663034
9576575674
9971090192
9655555555
8978787878
8587864870
9896565378
9546464646
9503153185
9176177662
9999994545
9540658870
9797979449
9524152458
9511145444
9414151301
7999999999
8787897974
9898898988
9620555135
8390950004
9826562362
9619957232
9885098851
9449288665
9885098852
9408636603
9678976856
9566666666
9797878978
9448371961
9986075222
8655048252
9099968801
3222222222
9619892013
8511165909
9415605599
8870507269
9739056056
7715055587
9411904031
9417231902
9001297600
9958024626
9903355687
9810873003
9860612346
8800893642
8821900910
9212677866
9003711604
9179873149
9654007167
8115777926
9811021788
7607597788
9145454554
9879456415
9015454545
9560583160
9560584854
8397054844
7838003001
9555656714
7629502558
9012435654
9966711150
9538007907
9811141702
9892858454
9858589877
9454654545
8904814437
7060533008
9886562632
9167469067
9685745285
9990023656
7045780765
9052661001
9997318668
9810252145
9145444444
9786188226
9874563214
7997777777
8973521017
9465545555
9312609988
9999331883
9988774455
9898789787
9860000011
8447275545
8087029812
9990975133
8877979887
8436565144
8888888885
9902679222
9891366380
9599559414
7760975415
9810245412
9816473600
9250003157
9760345736
9599559714
8149694619
9825848544
7795959595
9830392437
9705689897
9706711558
9706711858
9624945044
9968067667
9023011411
9013686741
7060595307
8568565285
8889988440
9838077262
9987346177
7417001952
9968079083
9999123880
9144444444
9810898100
2222222223
9999433489
9992363282
9922437212
8574576567
9861327667
9425550898
7894562587
9425193133
8979879797
9769945955
9953924762
9990062278
9475505681
8420964035
9335151631
9172858513
9980475062
7506412911
9990770777
9999915313
9889552322
7376257398
9880664831
8978789789
9444656384
9819610324
9224617296
8851713758
9811367588
4878943217
9776794566
9833399694
8891680376
9225657222
8180808848
8826025046
9768567567
9773612663
9787109244
9585511299
9619505651
9842427578
9914096549
9886488725
9816700161
8350810161
8792277229
9867567854
9896301007
7838572777
9871648467
8602957069
9693296344
9976875477
9999999990
9560370331
7000288304
9748275984
9953478839
9899704433
9926400951
8511102544
9066243441
9493991234
9829579060
9900890121
9213221213
9902243662
9934109844
5656654456
4564564564
9958833249
7869915990
9911554411
9810160131
9980346578
9874666666
9871118795
9811380650
7602031516
8754256458
9785898989
9815250235
9787484522
7987978979
9167883937
8518919147
9562589999
8979789797
9898989555
9560471255
9212316542
9312065662
9469754825
8107777777
9322991761
9878722545
9878545554
9212316523
9898988998
8888888886
8828953693
9041190333
7259000910
7878740501
8095708555
9881199811
9916
9221052539
9599081049
9868834117
8450935357
7010885198
9923206144
9876541230
9782995857
9891851891
9920209950
9700709869
9599217544
7875983746
9424751005
9879797898
9654458856
9819891822
9897936052
9145545454
9212345623
9212645623
7827414637
9379588525
9900617283
9953824095
8891680375
8239882303
9773379567
9136420113
8826176710
9934376484
9894375767
9449344093
9890398827
8558852369
9100278394
9866986909
9988468344
9701652724
9004793921
9819741658
9595964698
9532060836
9892665197
9892665187
9885106607
9892665295
9418079879
9900176521
9720888770
7584612856
9896879270
7373279258
9896927050
9949804666
9745665565
8778787878
8588044323
8558804432
9711711156
7032555661
9876666655
9221053529
9898452222
9871115689
8125205812
7990708139
9940443990
8989595959
9811112222
9711611314
9819849498
7019637739
8588000364
9845666666
9845633333
9898000000
9560260060
7639098352
9514145522
9768809861
9595955959
8956878541
7845411125
9955447711
9988554477
9958693556
9979862942
9874563211
7042354466
9960332290
7678644450
9886775137
9454197107
9716962434
9873151402
8884908800
8680029977
8989898998
6777777779
9846546546
9865656540
9999998989
8806902878
9029470373
9876453453
9743533047
8399930131
9977229975
9892354167
8897393843
9581484999
9912312345
5658653685
8897547878
8087547157
9815122645
7022628550
9742835000
9873678026
9891536821
9798851515
9765663563
7655757575
9867396960
9415180444
9899595565
9898889569
9892444530
9899956134
8819931444
8126624664
9859656524
9856555555
9991903911
9450209970
9768567865
7879797777
9992004674
9988989888
9820491618
9654996251
9901280914
9812882488
9856321556
7527008400
-1
9998650068
2212121209
8929154690
7032197808
8793748564
9895362140
8875729667
9989098948
9989989989
9989198948
9810195765
9599494949
9858555555
9610490741
8800892606
2222222218
9999999225
9999885432
9965432138
8130588522
9859662632
8800756254
9856220125
9810874618
7358983498
8876665544
9585658585
9049903973
9890914321
9855525222
9872989120
90968183
9028357573
9855656556
9999190321
9845845845
9468566666
9886332677
9873272928
7506603385
9560600249
885812749
9400024365
9829056959
9153769383
9400567565
9404978807
7600331621
8879435742
7979797897
9877879878
9926355145
9876789845
9999958999
9643529191
9694365001
9685258888
9686576457
8860680088
9632243561
7897896456
9860679558
8750394507
9867543456
9325769012
9856521892
9419193888
9029166076
8053008388
9650462787
7654545444
8123646862
9540456124
9712936433
9845038115
9455655525
8452026632
9889784522
8980802736
9873151441
9856201254
9987897987
9852102222
9004175889
9810517722
8800781177
9747828094
9012345670
9871885891
8300194137
9999024496
9895685645
9787878778
6458565655
9877878788
8983523590
9578957896
9876543222
7896891312
7800000000
9999021143
7300000000
8806052887
8789778878
9873151414
9013285577
9024355256
8956147686
9727360666
9412115415
8130211346
9919177555
9971061970
9212395909
9664433141
9989000782
9434255449
9987486353
9769701606
9840325414
9810873093
8679431234
8765787666
9816545676
9816545675
8005457338
7042233370
9992059695
9953644150
8959540484
9810749953
9899998999
9898784522
9582782094
9540445612
9891393215
9999124111
7799697830
9831150917
9822596368
9335151621
9644545455
9723876522
9143002110
8000955599
9650895115
9999885545
9811101244
9871054600
9029462929
9773701117
97437
9743701117
8826523111
8828209300
9568245124
9586859865
5646465556
9895895252
9953523408
9545845454
9704410
9420135145
9864272963
9787854545
8852365845
9804882357
9999128555
9425162598
9111860896
9781112838
9873151489
9555487746
8308718676
9987785666
9867965444
999
9927444046
9781103838
9425062598
7677512041
8800742104
9845020446
9556546546
9876977213
8826786428
7835936162
9930985588
8416842018
8130391385
9925205939
9555581624
8879796326
7351161788
9875123699
9910181966
9989889898
8605259963
9898789888
8540003240
9853046262
7276657794
5555555552
8884481354
7774066530
9030118480
8108945851
9986511184
9554045615
9810531309
9820632543
9868686886
9540455256
9855222244
9718679988
9310013041
9817146899
9823833433
7406307226
8527175522
7738330465
9900026250
8800981211
9986732106
9848547654
9573206077
9996432720
9768957685
9527971468
9873738354
9899935435
8320303181
9900043813
9733549796
9900052829
9935268426
9858585281
7007477236
9538222777
9878945645
98108011
9810801196
8558844766
7728890318
8378082999
8007026223
9533
9659855555
9005027946
9889798797
9897987978
9565555555
8779797979
7797979789
9990029936
9905666566
9998989888
9818546546
9096962954
7250723074
9940789876
9910885259
7894561122
9661312231
9551156166
7898777989
8588837969
9899549847
9990023651
9856489655
7506490977
9477485046
9856564512
9454645647
9650988337
8427450411
9820548500
9878700222
7982532179
9833881415
9456565656
9869512740
9650955499
9971861816
9953242099
9990023650
8010165855
9810245120
9821454545
9562244444
7898797979
9654991689
9552663536
8806091955
9953120308
9855008540
9466431458
9582213209
9255555555
9865656566
9873352253
9979797979
8018773363
9999998888
8296887811
9573377886
8486039089
9923145049
7738052501
9812045120
9560094957
9219186710
9970708864
9897654643
9878454585
8798797978
9789794514
7897979879
8826445948
2875221825
8574524252
9811289535
9895665454
9986780312
9216211710
9205192965
9817146890
9674726445
9205192925
9888888388
7760952323
8888888880
8075044785
8668564565
9990023652
9822121233
9845454001
9812012045
9650488523
9579629029
7795050515
9676701778
9999999965
9052322629
9052322639
9854652145
9873729196
9451346731
9999167626
9702458685
8019284322
8808558641
9015358983
8527395904
9921728317
9818457553
9417007770
9999125111
8181980787
9811766756
7084586199
9826562626
9858446271
9875454448
7215464689
9896262562
9833753114
9973522750
7887979797
9621202030
7275400737
8797777777
9858254555
9565522222
8754404012
9811101245
9865646446
9887888888
8979789789
7387402525
9166610106
9015151758
9874587899
9655233225
8285360674
9554546454
9587777777
9912310000
7879998999
9830081368
8979797979
9999999956
9266800721
9812587487
7798779789
9899526341
9700174318
9538781101
9858588888
9756789454
9400500005
9846783567
8826659987
9769463422
9015109184
8135002554
9873090043
9873426952
9845546456
9898985656
9934441535
9824555554
9865666666
9555295365
9888898989
9925092562
9813388714
8373905694
9721151572
9788180887
9948765915
9990222348
8437682649
9828062911
8080424243
9910333863
9897957342
8130032119
9821546544
9899167677
9845446568
9927966022
8563061200
9734384088
9819504144
9911400220
9999999922
9926456454
9899475576
9561664321
9877888888
7838892596
9654457788
7500990691
9845654566
8010927670
7028057833
7838414031
9677130510
9782995853
7838859284
9895595959
9999864268
9833518510
8427016622
9989898888
9865564545
9586958669
7898654123
9886803733
8505957152
9878568488
9883347890
9888566678
9885556789
8888138277
9811104524
9971989067
9811104512
7046070999
3698725252
9212345678
6845552245
9865654174
9865451232
8010769900
8010776990
9899411815
9958634770
9829955857
9819834669
9899167676
9858585555
8608829966
9011408469
9833919162
9560103020
9122549482
9122549485
9952077610
9967276850
9874666664
9811985092
9763632349
9898959898
9892362623
9811102456
9845999999
8400981047
8190000233
9652222222
982121
7406302964
9840812600
9854545454
9561635714
9898845454
9999966780
9891289392
9999999963
9867080405
9910543464
9826566256
9335151726
9898998898
9865545454
9865454545
9418456311
7042905753
